Ixx = 2.3951 * 10^-5; Iyy = 2.3951 * 10^-5; Izz = 3.2347 * 10^-5;
kf = 0.005022;
km= 1.858*10^-5;
m= 0.034;
L= 32 * 10^-3;
Fxg=0.005; Fyg=0.005;
g=9.81;
k=1;